SLJ    S'L'J'  A_ed        A_md     A           β_R (%)  A_T (s⁻¹)   τ_R (ms)
²H₁₁/₂  ⁴F₉/₂    158.4332   0.0000    158.4332   0.6266  25282.7475 0.0396   
²H₁₁/₂ ⁴I₁₁/₂    234.9609   0.0000    234.9609   0.9293  25282.7475 0.0396   
²H₁₁/₂ ⁴I₁₃/₂    358.3171   0.0000    358.3171   1.4172  25282.7475 0.0396   
²H₁₁/₂ ⁴I₁₅/₂  24042.1557   0.0000  24042.1557  95.0931  25282.7475 0.0396   
²H₁₁/₂  ⁴I₉/₂    488.7202   0.0000    488.7202   1.9330  25282.7475 0.0396   
²H₁₁/₂  ⁴S₃/₂      0.1603   0.0000      0.1603   0.0006  25282.7475 0.0396   
 ²H₉/₂ ²H₁₁/₂     83.4699  32.1383    115.6082   0.9119  12678.1219 0.0789   
 ²H₉/₂  ⁴F₃/₂      0.4805   0.0000      0.4805   0.0038  12678.1219 0.0789   
 ²H₉/₂  ⁴F₅/₂      2.4450   0.0000      2.4450   0.0193  12678.1219 0.0789   
 ²H₉/₂  ⁴F₇/₂     66.2659   0.0000     66.2659   0.5227  12678.1219 0.0789   
 ²H₉/₂  ⁴F₉/₂     81.4779   0.0000     81.4779   0.6427  12678.1219 0.0789   
 ²H₉/₂ ⁴I₁₁/₂   1088.1151   0.0000   1088.1151   8.5826  12678.1219 0.0789   
 ²H₉/₂ ⁴I₁₃/₂   4767.7770   0.0000   4767.7770  37.6063  12678.1219 0.0789   
 ²H₉/₂ ⁴I₁₅/₂   6411.7560   0.0000   6411.7560  50.5734  12678.1219 0.0789   
 ²H₉/₂  ⁴I₉/₂    142.8766   0.0000    142.8766   1.1270  12678.1219 0.0789   
 ²H₉/₂  ⁴S₃/₂      1.3196   0.0000      1.3196   0.0104  12678.1219 0.0789   
²K₁₅/₂ ²H₁₁/₂    738.5472   0.0000    738.5472   5.0093  14743.5656 0.0678   
²K₁₅/₂  ²H₉/₂     28.3908   0.0000     28.3908   0.1926  14743.5656 0.0678   
²K₁₅/₂  ⁴F₃/₂      0.0146   0.0000      0.0146   0.0001  14743.5656 0.0678   
²K₁₅/₂  ⁴F₅/₂      7.9028   0.0000      7.9028   0.0536  14743.5656 0.0678   
²K₁₅/₂  ⁴F₇/₂      0.0933   0.0000      0.0933   0.0006  14743.5656 0.0678   
²K₁₅/₂  ⁴F₉/₂     99.3940   0.0000     99.3940   0.6742  14743.5656 0.0678   
²K₁₅/₂ ⁴G₁₁/₂      3.1785   0.0000      3.1785   0.0216  14743.5656 0.0678   
²K₁₅/₂  ⁴G₉/₂      0.0023   0.0000      0.0023   0.0000  14743.5656 0.0678   
²K₁₅/₂ ⁴I₁₁/₂   1592.4798   0.0000   1592.4798  10.8012  14743.5656 0.0678   
²K₁₅/₂ ⁴I₁₃/₂    201.1229   0.0000    201.1229   1.3641  14743.5656 0.0678   
²K₁₅/₂ ⁴I₁₅/₂  11422.0258   0.0000  11422.0258  77.4713  14743.5656 0.0678   
²K₁₅/₂  ⁴I₉/₂    648.6013   0.0000    648.6013   4.3992  14743.5656 0.0678   
²K₁₅/₂  ⁴S₃/₂      1.8122   0.0000      1.8122   0.0123  14743.5656 0.0678   
 ⁴F₃/₂ ²H₁₁/₂      0.4764   0.0000      0.4764   0.0057   8417.3276 0.1188   
 ⁴F₃/₂  ⁴F₅/₂      0.0705   0.0513      0.1218   0.0014   8417.3276 0.1188   
 ⁴F₃/₂  ⁴F₇/₂      2.5210   0.0000      2.5210   0.0300   8417.3276 0.1188   
 ⁴F₃/₂  ⁴F₉/₂     74.4331   0.0000     74.4331   0.8843   8417.3276 0.1188   
 ⁴F₃/₂ ⁴I₁₁/₂   2527.4039   0.0000   2527.4039  30.0262   8417.3276 0.1188   
 ⁴F₃/₂ ⁴I₁₃/₂    320.1845   0.0000    320.1845   3.8039   8417.3276 0.1188   
 ⁴F₃/₂ ⁴I₁₅/₂   4741.5757   0.0000   4741.5757  56.3311   8417.3276 0.1188   
 ⁴F₃/₂  ⁴I₉/₂    718.1116   0.0000    718.1116   8.5313   8417.3276 0.1188   
 ⁴F₃/₂  ⁴S₃/₂     32.4996   0.0000     32.4996   0.3861   8417.3276 0.1188   
 ⁴F₅/₂ ²H₁₁/₂     15.5724   0.0000     15.5724   0.1723   9040.1649 0.1106   
 ⁴F₅/₂  ⁴F₇/₂      7.4464   4.6853     12.1317   0.1342   9040.1649 0.1106   
 ⁴F₅/₂  ⁴F₉/₂    402.6881   0.0000    402.6881   4.4544   9040.1649 0.1106   
 ⁴F₅/₂ ⁴I₁₁/₂    251.9293   0.0000    251.9293   2.7868   9040.1649 0.1106   
 ⁴F₅/₂ ⁴I₁₃/₂   2916.0480   0.0000   2916.0480  32.2566   9040.1649 0.1106   
 ⁴F₅/₂ ⁴I₁₅/₂   5094.5481   0.0000   5094.5481  56.3546   9040.1649 0.1106   
 ⁴F₅/₂  ⁴I₉/₂    341.4542   0.0000    341.4542   3.7771   9040.1649 0.1106   
 ⁴F₅/₂  ⁴S₃/₂      5.7932   0.0000      5.7932   0.0641   9040.1649 0.1106   
 ⁴F₇/₂ ²H₁₁/₂      3.7521   0.0000      3.7521   0.0341  11008.9921 0.0908   
 ⁴F₇/₂  ⁴F₉/₂     27.2197  69.9469     97.1666   0.8826  11008.9921 0.0908   
 ⁴F₇/₂ ⁴I₁₁/₂    575.3230   0.0000    575.3230   5.2259  11008.9921 0.0908   
 ⁴F₇/₂ ⁴I₁₃/₂    953.0446   0.0000    953.0446   8.6570  11008.9921 0.0908   
 ⁴F₇/₂ ⁴I₁₅/₂   8912.1580   0.0000   8912.1580  80.9534  11008.9921 0.0908   
 ⁴F₇/₂  ⁴I₉/₂    467.4466   0.0000    467.4466   4.2460  11008.9921 0.0908   
 ⁴F₇/₂  ⁴S₃/₂      0.1011   0.0000      0.1011   0.0009  11008.9921 0.0908   
 ⁴F₉/₂ ⁴I₁₁/₂    322.0756   0.0000    322.0756   8.8418   3642.6494 0.2745   
 ⁴F₉/₂ ⁴I₁₃/₂    195.1842   0.0000    195.1842   5.3583   3642.6494 0.2745   
 ⁴F₉/₂ ⁴I₁₅/₂   3096.6982   0.0000   3096.6982  85.0122   3642.6494 0.2745   
 ⁴F₉/₂  ⁴I₉/₂     28.6914   0.0000     28.6914   0.7877   3642.6494 0.2745   
⁴G₁₁/₂ ²H₁₁/₂     77.9247   0.0000     77.9247   0.0331 235517.5343 0.0042   
⁴G₁₁/₂  ²H₉/₂     20.7831   0.0000     20.7831   0.0088 235517.5343 0.0042   
⁴G₁₁/₂  ⁴F₃/₂     10.7526   0.0000     10.7526   0.0046 235517.5343 0.0042   
⁴G₁₁/₂  ⁴F₅/₂     13.6535   0.0000     13.6535   0.0058 235517.5343 0.0042   
⁴G₁₁/₂  ⁴F₇/₂    148.5884   0.0000    148.5884   0.0631 235517.5343 0.0042   
⁴G₁₁/₂  ⁴F₉/₂   2531.8793   0.0000   2531.8793   1.0750 235517.5343 0.0042   
⁴G₁₁/₂ ⁴I₁₁/₂    205.4568   0.0000    205.4568   0.0872 235517.5343 0.0042   
⁴G₁₁/₂ ⁴I₁₃/₂   7121.4011   0.0000   7121.4011   3.0237 235517.5343 0.0042   
⁴G₁₁/₂ ⁴I₁₅/₂ 224470.2232   0.0000 224470.2232  95.3093 235517.5343 0.0042   
⁴G₁₁/₂  ⁴I₉/₂    852.2755   0.0000    852.2755   0.3619 235517.5343 0.0042   
⁴G₁₁/₂  ⁴S₃/₂     64.5960   0.0000     64.5960   0.0274 235517.5343 0.0042   
 ⁴G₉/₂ ²H₁₁/₂    364.8808   0.0000    364.8808   0.3792  96222.7098 0.0104   
 ⁴G₉/₂  ²H₉/₂      8.0825   0.0000      8.0825   0.0084  96222.7098 0.0104   
 ⁴G₉/₂  ⁴F₃/₂     52.1123   0.0000     52.1123   0.0542  96222.7098 0.0104   
 ⁴G₉/₂  ⁴F₅/₂    203.7641   0.0000    203.7641   0.2118  96222.7098 0.0104   
 ⁴G₉/₂  ⁴F₇/₂   1404.5967   0.0000   1404.5967   1.4597  96222.7098 0.0104   
 ⁴G₉/₂  ⁴F₉/₂   3103.0852   0.0000   3103.0852   3.2249  96222.7098 0.0104   
 ⁴G₉/₂ ⁴G₁₁/₂      0.6852   0.6471      1.3323   0.0014  96222.7098 0.0104   
 ⁴G₉/₂ ⁴I₁₁/₂   2921.9253   0.0000   2921.9253   3.0366  96222.7098 0.0104   
 ⁴G₉/₂ ⁴I₁₃/₂  59839.0570   0.0000  59839.0570  62.1881  96222.7098 0.0104   
 ⁴G₉/₂ ⁴I₁₅/₂  28090.1283   0.0000  28090.1283  29.1928  96222.7098 0.0104   
 ⁴G₉/₂  ⁴I₉/₂    101.1867   0.0000    101.1867   0.1052  96222.7098 0.0104   
 ⁴G₉/₂  ⁴S₃/₂    132.5586   0.0000    132.5586   0.1378  96222.7098 0.0104   
⁴I₁₁/₂ ⁴I₁₃/₂     93.2913  44.2263    137.5176  22.0399    623.9486 1.6027   
⁴I₁₁/₂ ⁴I₁₅/₂    486.4310   0.0000    486.4310  77.9601    623.9486 1.6027   
⁴I₁₃/₂ ⁴I₁₅/₂    435.0018 142.0628    577.0645 100.0000    577.0645 1.7329   
 ⁴I₉/₂ ⁴I₁₁/₂      3.7774   9.0838     12.8612   2.5066    513.0940 1.9490   
 ⁴I₉/₂ ⁴I₁₃/₂    199.6289   0.0000    199.6289  38.9069    513.0940 1.9490   
 ⁴I₉/₂ ⁴I₁₅/₂    300.6040   0.0000    300.6040  58.5865    513.0940 1.9490   
 ⁴S₃/₂  ⁴F₉/₂      3.8417   0.0000      3.8417   0.0733   5244.5818 0.1907   
 ⁴S₃/₂ ⁴I₁₁/₂    129.8411   0.0000    129.8411   2.4757   5244.5818 0.1907   
 ⁴S₃/₂ ⁴I₁₃/₂   1420.7550   0.0000   1420.7550  27.0900   5244.5818 0.1907   
 ⁴S₃/₂ ⁴I₁₅/₂   3430.7141   0.0000   3430.7141  65.4144   5244.5818 0.1907   
 ⁴S₃/₂  ⁴I₉/₂    259.4300   0.0000    259.4300   4.9466   5244.5818 0.1907   