SLJ    S'L'J'  A_ed        A_md     A           β_R (%)  A_T (s⁻¹)   τ_R (ms)
²H₁₁/₂  ⁴F₉/₂    521.2282   0.0000    521.2282   0.7329  71116.2453 0.0141   
²H₁₁/₂ ⁴I₁₁/₂    526.6028   0.0000    526.6028   0.7405  71116.2453 0.0141   
²H₁₁/₂ ⁴I₁₃/₂    773.3705   0.0000    773.3705   1.0875  71116.2453 0.0141   
²H₁₁/₂ ⁴I₁₅/₂  67957.1353   0.0000  67957.1353  95.5578  71116.2453 0.0141   
²H₁₁/₂  ⁴I₉/₂   1337.7444   0.0000   1337.7444   1.8811  71116.2453 0.0141   
²H₁₁/₂  ⁴S₃/₂      0.1642   0.0000      0.1642   0.0002  71116.2453 0.0141   
 ²H₉/₂ ²H₁₁/₂    159.8714  31.2886    191.1600   1.1650  16408.0468 0.0609   
 ²H₉/₂  ⁴F₃/₂      0.4646   0.0000      0.4646   0.0028  16408.0468 0.0609   
 ²H₉/₂  ⁴F₅/₂      6.1687   0.0000      6.1687   0.0376  16408.0468 0.0609   
 ²H₉/₂  ⁴F₇/₂    201.8182   0.0000    201.8182   1.2300  16408.0468 0.0609   
 ²H₉/₂  ⁴F₉/₂    134.2126   0.0000    134.2126   0.8180  16408.0468 0.0609   
 ²H₉/₂ ⁴I₁₁/₂   2348.1284   0.0000   2348.1284  14.3108  16408.0468 0.0609   
 ²H₉/₂ ⁴I₁₃/₂   8928.7687   0.0000   8928.7687  54.4170  16408.0468 0.0609   
 ²H₉/₂ ⁴I₁₅/₂   4159.6187   0.0000   4159.6187  25.3511  16408.0468 0.0609   
 ²H₉/₂  ⁴I₉/₂    436.4866   0.0000    436.4866   2.6602  16408.0468 0.0609   
 ²H₉/₂  ⁴S₃/₂      1.2202   0.0000      1.2202   0.0074  16408.0468 0.0609   
²K₁₅/₂ ²H₁₁/₂   1165.6377   0.0000   1165.6377   5.9368  19634.2585 0.0509   
²K₁₅/₂  ²H₉/₂     29.1436   0.0000     29.1436   0.1484  19634.2585 0.0509   
²K₁₅/₂  ⁴F₃/₂      0.0120   0.0000      0.0120   0.0001  19634.2585 0.0509   
²K₁₅/₂  ⁴F₅/₂      6.4879   0.0000      6.4879   0.0330  19634.2585 0.0509   
²K₁₅/₂  ⁴F₇/₂      0.0845   0.0000      0.0845   0.0004  19634.2585 0.0509   
²K₁₅/₂  ⁴F₉/₂    102.0455   0.0000    102.0455   0.5197  19634.2585 0.0509   
²K₁₅/₂ ⁴G₁₁/₂      5.6456   0.0000      5.6456   0.0288  19634.2585 0.0509   
²K₁₅/₂  ⁴G₉/₂      0.0019   0.0000      0.0019   0.0000  19634.2585 0.0509   
²K₁₅/₂ ⁴I₁₁/₂   3045.7331   0.0000   3045.7331  15.5123  19634.2585 0.0509   
²K₁₅/₂ ⁴I₁₃/₂    154.6780   0.0000    154.6780   0.7878  19634.2585 0.0509   
²K₁₅/₂ ⁴I₁₅/₂  14502.4760   0.0000  14502.4760  73.8631  19634.2585 0.0509   
²K₁₅/₂  ⁴I₉/₂    620.8137   0.0000    620.8137   3.1619  19634.2585 0.0509   
²K₁₅/₂  ⁴S₃/₂      1.4990   0.0000      1.4990   0.0076  19634.2585 0.0509   
 ⁴F₃/₂ ²H₁₁/₂      0.3993   0.0000      0.3993   0.0060   6621.8318 0.1510   
 ⁴F₃/₂  ⁴F₅/₂      0.2142   0.0489      0.2631   0.0040   6621.8318 0.1510   
 ⁴F₃/₂  ⁴F₇/₂      3.7737   0.0000      3.7737   0.0570   6621.8318 0.1510   
 ⁴F₃/₂  ⁴F₉/₂     62.5603   0.0000     62.5603   0.9448   6621.8318 0.1510   
 ⁴F₃/₂ ⁴I₁₁/₂   2159.6801   0.0000   2159.6801  32.6145   6621.8318 0.1510   
 ⁴F₃/₂ ⁴I₁₃/₂    253.5069   0.0000    253.5069   3.8283   6621.8318 0.1510   
 ⁴F₃/₂ ⁴I₁₅/₂   3298.2643   0.0000   3298.2643  49.8089   6621.8318 0.1510   
 ⁴F₃/₂  ⁴I₉/₂    735.5663   0.0000    735.5663  11.1082   6621.8318 0.1510   
 ⁴F₃/₂  ⁴S₃/₂    107.8179   0.0000    107.8179   1.6282   6621.8318 0.1510   
 ⁴F₅/₂ ²H₁₁/₂     13.3793   0.0000     13.3793   0.1820   7349.8253 0.1361   
 ⁴F₅/₂  ⁴F₇/₂     19.2632   4.4797     23.7429   0.3230   7349.8253 0.1361   
 ⁴F₅/₂  ⁴F₉/₂    374.0738   0.0000    374.0738   5.0896   7349.8253 0.1361   
 ⁴F₅/₂ ⁴I₁₁/₂    267.3173   0.0000    267.3173   3.6371   7349.8253 0.1361   
 ⁴F₅/₂ ⁴I₁₃/₂   2544.7953   0.0000   2544.7953  34.6239   7349.8253 0.1361   
 ⁴F₅/₂ ⁴I₁₅/₂   3584.3657   0.0000   3584.3657  48.7680   7349.8253 0.1361   
 ⁴F₅/₂  ⁴I₉/₂    524.0771   0.0000    524.0771   7.1305   7349.8253 0.1361   
 ⁴F₅/₂  ⁴S₃/₂     18.0739   0.0000     18.0739   0.2459   7349.8253 0.1361   
 ⁴F₇/₂ ²H₁₁/₂      8.4495   0.0000      8.4495   0.0915   9233.2838 0.1083   
 ⁴F₇/₂  ⁴F₉/₂     62.8146  68.0655    130.8801   1.4175   9233.2838 0.1083   
 ⁴F₇/₂ ⁴I₁₁/₂    621.0445   0.0000    621.0445   6.7261   9233.2838 0.1083   
 ⁴F₇/₂ ⁴I₁₃/₂   1004.1214   0.0000   1004.1214  10.8750   9233.2838 0.1083   
 ⁴F₇/₂ ⁴I₁₅/₂   6904.8984   0.0000   6904.8984  74.7827   9233.2838 0.1083   
 ⁴F₇/₂  ⁴I₉/₂    563.7657   0.0000    563.7657   6.1058   9233.2838 0.1083   
 ⁴F₇/₂  ⁴S₃/₂      0.1244   0.0000      0.1244   0.0013   9233.2838 0.1083   
 ⁴F₉/₂ ⁴I₁₁/₂    434.1780   0.0000    434.1780  11.8533   3662.9185 0.2730   
 ⁴F₉/₂ ⁴I₁₃/₂    282.2539   0.0000    282.2539   7.7057   3662.9185 0.2730   
 ⁴F₉/₂ ⁴I₁₅/₂   2855.6440   0.0000   2855.6440  77.9609   3662.9185 0.2730   
 ⁴F₉/₂  ⁴I₉/₂     90.8426   0.0000     90.8426   2.4801   3662.9185 0.2730   
⁴G₁₁/₂ ²H₁₁/₂     80.7434   0.0000     80.7434   0.0166 485191.6327 0.0021   
⁴G₁₁/₂  ²H₉/₂     60.8749   0.0000     60.8749   0.0125 485191.6327 0.0021   
⁴G₁₁/₂  ⁴F₃/₂      9.2272   0.0000      9.2272   0.0019 485191.6327 0.0021   
⁴G₁₁/₂  ⁴F₅/₂     12.1175   0.0000     12.1175   0.0025 485191.6327 0.0021   
⁴G₁₁/₂  ⁴F₇/₂    417.9511   0.0000    417.9511   0.0861 485191.6327 0.0021   
⁴G₁₁/₂  ⁴F₉/₂   8386.4388   0.0000   8386.4388   1.7285 485191.6327 0.0021   
⁴G₁₁/₂ ⁴I₁₁/₂    210.8685   0.0000    210.8685   0.0435 485191.6327 0.0021   
⁴G₁₁/₂ ⁴I₁₃/₂  13776.0844   0.0000  13776.0844   2.8393 485191.6327 0.0021   
⁴G₁₁/₂ ⁴I₁₅/₂ 459549.0919   0.0000 459549.0919  94.7150 485191.6327 0.0021   
⁴G₁₁/₂  ⁴I₉/₂   2619.1056   0.0000   2619.1056   0.5398 485191.6327 0.0021   
⁴G₁₁/₂  ⁴S₃/₂     69.1294   0.0000     69.1294   0.0142 485191.6327 0.0021   
 ⁴G₉/₂ ²H₁₁/₂    530.2294   0.0000    530.2294   0.2549 208054.7062 0.0048   
 ⁴G₉/₂  ²H₉/₂     21.4513   0.0000     21.4513   0.0103 208054.7062 0.0048   
 ⁴G₉/₂  ⁴F₃/₂     50.2253   0.0000     50.2253   0.0241 208054.7062 0.0048   
 ⁴G₉/₂  ⁴F₅/₂    641.2248   0.0000    641.2248   0.3082 208054.7062 0.0048   
 ⁴G₉/₂  ⁴F₇/₂   4592.3910   0.0000   4592.3910   2.2073 208054.7062 0.0048   
 ⁴G₉/₂  ⁴F₉/₂   7512.6694   0.0000   7512.6694   3.6109 208054.7062 0.0048   
 ⁴G₉/₂ ⁴G₁₁/₂      0.6442   0.6175      1.2617   0.0006 208054.7062 0.0048   
 ⁴G₉/₂ ⁴I₁₁/₂   7624.1594   0.0000   7624.1594   3.6645 208054.7062 0.0048   
 ⁴G₉/₂ ⁴I₁₃/₂ 170415.9839   0.0000 170415.9839  81.9092 208054.7062 0.0048   
 ⁴G₉/₂ ⁴I₁₅/₂  16242.7607   0.0000  16242.7607   7.8070 208054.7062 0.0048   
 ⁴G₉/₂  ⁴I₉/₂    281.3636   0.0000    281.3636   0.1352 208054.7062 0.0048   
 ⁴G₉/₂  ⁴S₃/₂    140.9857   0.0000    140.9857   0.0678 208054.7062 0.0048   
⁴I₁₁/₂ ⁴I₁₃/₂    104.7700  42.6868    147.4569  16.9657    869.1459 1.1506   
⁴I₁₁/₂ ⁴I₁₅/₂    721.6890   0.0000    721.6890  83.0343    869.1459 1.1506   
⁴I₁₃/₂ ⁴I₁₅/₂    430.0057 138.9832    568.9889 100.0000    568.9889 1.7575   
 ⁴I₉/₂ ⁴I₁₁/₂      3.9729   8.7028     12.6757   2.5627    494.6305 2.0217   
 ⁴I₉/₂ ⁴I₁₃/₂    165.9049   0.0000    165.9049  33.5412    494.6305 2.0217   
 ⁴I₉/₂ ⁴I₁₅/₂    316.0500   0.0000    316.0500  63.8962    494.6305 2.0217   
 ⁴S₃/₂  ⁴F₉/₂      3.1067   0.0000      3.1067   0.0753   4125.1301 0.2424   
 ⁴S₃/₂ ⁴I₁₁/₂    109.0671   0.0000    109.0671   2.6440   4125.1301 0.2424   
 ⁴S₃/₂ ⁴I₁₃/₂   1164.1625   0.0000   1164.1625  28.2212   4125.1301 0.2424   
 ⁴S₃/₂ ⁴I₁₅/₂   2621.1058   0.0000   2621.1058  63.5400   4125.1301 0.2424   
 ⁴S₃/₂  ⁴I₉/₂    227.6880   0.0000    227.6880   5.5195   4125.1301 0.2424   